0 0.857421875 0.1845703125 0.130859375 0.107421875
0 0.87109375 0.603515625 0.208984375 0.1767578125
0 0.248046875 0.662109375 0.251953125 0.1640625
0 0.2138671875 0.28125 0.0703125 0.0498046875
0 0.177734375 0.2744140625 0.0673828125 0.0498046875
0 0.1494140625 0.255859375 0.068359375 0.044921875
0 0.1865234375 0.2314453125 0.0673828125 0.0498046875
0 0.1318359375 0.212890625 0.072265625 0.0439453125
0 0.1826171875 0.1806640625 0.0654296875 0.0498046875
0 0.2001953125 0.1240234375 0.072265625 0.052734375
0 0.166015625 0.1416015625 0.072265625 0.046875
0 0.142578125 0.1708984375 0.068359375 0.0439453125